  9.297952257732e-001  8.269539190951e-001  1.707021189261e-001  1.021369763559e-002  0.000000000000e+000  0.000000000000e+000  0.000000000000e+000  0.000000000000e+000  0.000000000000e+000  0.000000000000e+000  0.000000000000e+000  0.000000000000e+000  0.000000000000e+000  0.000000000000e+000  0.000000000000e+000  0.000000000000e+000  0.000000000000e+000  0.000000000000e+000
  8.269539190951e-001  2.275357276967e+000  1.595111973816e+000  3.467288520409e-001  3.488389230958e-003  0.000000000000e+000  0.000000000000e+000  0.000000000000e+000  0.000000000000e+000  0.000000000000e+000  0.000000000000e+000  0.000000000000e+000  0.000000000000e+000  0.000000000000e+000  0.000000000000e+000  0.000000000000e+000  0.000000000000e+000  0.000000000000e+000
  1.707021189261e-001  1.595111973816e+000  3.384170334042e+000  2.322836501122e+000  2.602799053726e-001  2.180952728840e-003  0.000000000000e+000  0.000000000000e+000  0.000000000000e+000  0.000000000000e+000  0.000000000000e+000  0.000000000000e+000  0.000000000000e+000  0.000000000000e+000  0.000000000000e+000  0.000000000000e+000  0.000000000000e+000  0.000000000000e+000
  1.021369763559e-002  3.467288520409e-001  2.322836501122e+000  4.953886701330e+000  2.507846248953e+000  2.534310384159e-001  2.112543905652e-003  0.000000000000e+000  0.000000000000e+000  0.000000000000e+000  0.000000000000e+000  0.000000000000e+000  0.000000000000e+000  0.000000000000e+000  0.000000000000e+000  0.000000000000e+000  0.000000000000e+000  0.000000000000e+000
  0.000000000000e+000  3.488389230958e-003  2.602799053726e-001  2.507846248953e+000  5.103838318197e+000  2.516000458810e+000  2.535030761707e-001  2.112319339772e-003  0.000000000000e+000  0.000000000000e+000  0.000000000000e+000  0.000000000000e+000  0.000000000000e+000  0.000000000000e+000  0.000000000000e+000  0.000000000000e+000  0.000000000000e+000  0.000000000000e+000
  0.000000000000e+000  0.000000000000e+000  2.180952728840e-003  2.534310384159e-001  2.516000458810e+000  5.103818443654e+000  2.516003375051e+000  2.535008921748e-001  2.112693006901e-003  0.000000000000e+000  0.000000000000e+000  0.000000000000e+000  0.000000000000e+000  0.000000000000e+000  0.000000000000e+000  0.000000000000e+000  0.000000000000e+000  0.000000000000e+000
  0.000000000000e+000  0.000000000000e+000  0.000000000000e+000  2.112543905652e-003  2.535030761707e-001  2.516003375051e+000  5.103832510488e+000  2.516000414398e+000  2.534999067719e-001  2.112472174466e-003  0.000000000000e+000  0.000000000000e+000  0.000000000000e+000  0.000000000000e+000  0.000000000000e+000  0.000000000000e+000  0.000000000000e+000  0.000000000000e+000
  0.000000000000e+000  0.000000000000e+000  0.000000000000e+000  0.000000000000e+000  2.112319339772e-003  2.535008921748e-001  2.516000414398e+000  5.103835381178e+000  2.516001879418e+000  2.535039714219e-001  2.112383650794e-003  0.000000000000e+000  0.000000000000e+000  0.000000000000e+000  0.000000000000e+000  0.000000000000e+000  0.000000000000e+000  0.000000000000e+000
  0.000000000000e+000  0.000000000000e+000  0.000000000000e+000  0.000000000000e+000  0.000000000000e+000  2.112693006901e-003  2.534999067719e-001  2.516001879418e+000  5.103817254270e+000  2.516002843122e+000  2.535003316021e-001  2.112708182837e-003  0.000000000000e+000  0.000000000000e+000  0.000000000000e+000  0.000000000000e+000  0.000000000000e+000  0.000000000000e+000
  0.000000000000e+000  0.000000000000e+000  0.000000000000e+000  0.000000000000e+000  0.000000000000e+000  0.000000000000e+000  2.112472174466e-003  2.535039714219e-001  2.516002843122e+000  5.103830316086e+000  2.515997684862e+000  2.535003132379e-001  2.112382873189e-003  0.000000000000e+000  0.000000000000e+000  0.000000000000e+000  0.000000000000e+000  0.000000000000e+000
  0.000000000000e+000  0.000000000000e+000  0.000000000000e+000  0.000000000000e+000  0.000000000000e+000  0.000000000000e+000  0.000000000000e+000  2.112383650794e-003  2.535003316021e-001  2.515997684862e+000  5.103831713595e+000  2.516003152971e+000  2.535039243881e-001  2.112472602249e-003  0.000000000000e+000  0.000000000000e+000  0.000000000000e+000  0.000000000000e+000
  0.000000000000e+000  0.000000000000e+000  0.000000000000e+000  0.000000000000e+000  0.000000000000e+000  0.000000000000e+000  0.000000000000e+000  0.000000000000e+000  2.112708182837e-003  2.535003132379e-001  2.516003152971e+000  5.103815016781e+000  2.515999122884e+000  2.534998027940e-001  2.112701863587e-003  0.000000000000e+000  0.000000000000e+000  0.000000000000e+000
  0.000000000000e+000  0.000000000000e+000  0.000000000000e+000  0.000000000000e+000  0.000000000000e+000  0.000000000000e+000  0.000000000000e+000  0.000000000000e+000  0.000000000000e+000  2.112382873189e-003  2.535039243881e-001  2.515999122884e+000  5.103827373639e+000  2.516001156440e+000  2.535012262445e-001  2.112313460555e-003  0.000000000000e+000  0.000000000000e+000
  0.000000000000e+000  0.000000000000e+000  0.000000000000e+000  0.000000000000e+000  0.000000000000e+000  0.000000000000e+000  0.000000000000e+000  0.000000000000e+000  0.000000000000e+000  0.000000000000e+000  2.112472602249e-003  2.534998027940e-001  2.516001156440e+000  5.103838494127e+000  2.516004549789e+000  2.535027565302e-001  2.112538854420e-003  0.000000000000e+000
  0.000000000000e+000  0.000000000000e+000  0.000000000000e+000  0.000000000000e+000  0.000000000000e+000  0.000000000000e+000  0.000000000000e+000  0.000000000000e+000  0.000000000000e+000  0.000000000000e+000  0.000000000000e+000  2.112701863587e-003  2.535012262445e-001  2.516004549789e+000  5.103819961207e+000  2.515999407748e+000  2.548467747030e-001  7.647617127802e-004
  0.000000000000e+000  0.000000000000e+000  0.000000000000e+000  0.000000000000e+000  0.000000000000e+000  0.000000000000e+000  0.000000000000e+000  0.000000000000e+000  0.000000000000e+000  0.000000000000e+000  0.000000000000e+000  0.000000000000e+000  2.112313460555e-003  2.535027565302e-001  2.515999407748e+000  5.103836452920e+000  2.678529055836e+000  9.284574609426e-002
  0.000000000000e+000  0.000000000000e+000  0.000000000000e+000  0.000000000000e+000  0.000000000000e+000  0.000000000000e+000  0.000000000000e+000  0.000000000000e+000  0.000000000000e+000  0.000000000000e+000  0.000000000000e+000  0.000000000000e+000  0.000000000000e+000  2.112538854420e-003  2.548467747030e-001  2.678529055836e+000  1.199634567194e+001  3.775541481231e+000
  0.000000000000e+000  0.000000000000e+000  0.000000000000e+000  0.000000000000e+000  0.000000000000e+000  0.000000000000e+000  0.000000000000e+000  0.000000000000e+000  0.000000000000e+000  0.000000000000e+000  0.000000000000e+000  0.000000000000e+000  0.000000000000e+000  0.000000000000e+000  7.647617127802e-004  9.284574609426e-002  3.775541481231e+000  2.242485703673e+000
